1 22 128
1 10 19
1 8 267
14 10 7
14 6 138
14 13 237
14 8 187
14 1 38
14 22 329
19 3 10
19 12 8
19 2 6
19 0 6552
19 17 1244
19 15 2418
19 4 6423
19 11 2
19 16 6
12 5 12
12 7 1
12 3 32
12 21 3
12 16 22
12 11 3
9 13 33
9 8 145
9 10 4
9 6 383
9 22 95
9 1 47
9 14 58
22 8 514
16 11 5
16 21 3
16 3 15
16 7 2
16 5 4
5 11 1
5 3 36
15 3 8
15 12 7
15 2 8
15 11 2
15 16 4
10 8 27
10 22 7
13 10 2
13 8 103
13 1 21
13 22 231
0 17 1993
0 2 6
0 12 6
0 3 7
0 16 3
0 11 2
0 4 11112
0 15 5675
17 16 4
17 11 1
17 3 6
17 2 4
17 15 1896
17 12 4
6 10 9
6 8 342
6 13 75
6 22 176
6 1 102
2 11 3
2 16 2
2 12 7
2 7 2
2 3 13
23 1 83
23 14 23
23 6 32
23 8 117
23 9 15
23 22 29
23 10 153
23 13 16
7 11 2
7 21 1
7 3 20
7 5 8
18 6 99
18 23 188
18 8 1084
18 9 72
18 1 92
18 14 119
18 10 51
18 13 77
18 22 142
21 3 3
21 11 3
20 19 1060
20 17 83
20 0 789
20 2 2
20 12 2
20 3 2
20 16 4
20 11 1
20 15 270
20 4 889
11 3 18
4 3 6
4 15 3103
4 12 5
4 2 4
4 11 1
4 17 1456
4 16 2
