0 12
0 15
0 5
0 1
0 2
0 6
1 12
1 5
1 15
1 6
1 2
13 4
13 3
13 17
13 16
13 8
13 18
13 20
13 19
13 11
23 5
23 12
23 15
23 0
23 1
23 2
23 6
23 9
14 9
14 6
14 2
14 1
14 0
14 5
14 12
14 15
14 23
19 3
19 11
19 8
19 4
20 11
20 18
20 19
20 8
20 17
20 16
20 3
20 4
6 7
6 12
6 2
6 10
6 22
18 3
18 11
18 16
18 8
18 4
18 19
2 12
17 11
17 16
17 3
17 19
17 18
17 8
17 4
4 3
4 8
11 8
11 4
11 3
7 2
7 12
21 15
21 12
21 5
21 23
21 14
21 1
21 0
21 2
21 6
21 9
5 6
5 2
5 10
5 12
5 15
15 7
15 12
15 6
15 22
15 2
15 10
8 3
9 0
9 1
9 15
9 5
9 12
9 6
9 2
16 11
16 3
16 19
16 8
16 4
22 2
22 12
10 2
10 22
10 12
10 7
